ZODIAC AEROSPACE SA - AQR CAPITAL MANAGEMENT, LLC. [ORD]
Reported	Dealing date	Purchases and Sales +/-	Derivatives and Options +/-	Long	Calc. Long	Difference	Short	Calc. Short	Difference	NET	
  19/01/17	18/01/17	0	0	0	0	0	4,612,152	4,612,152	0	0	
  23/01/17	20/01/17	0	0	0	0	0	3,741,934	4,612,152	-870,218*	870,218*	Correct
  25/01/17	24/01/17	0	0	0	0	0	3,271,682	3,741,934	-470,252*	470,252*	Correct
  26/01/17	25/01/17	0	0	0	0	0	2,958,739	3,271,682	-312,943*	312,943*	Correct
  27/01/17	26/01/17	0	0	0	0	0	2,813,703	2,958,739	-145,036*	145,036*	Correct
  01/02/17	31/01/17	0	0	0	0	0	2,581,645	2,813,703	-232,058*	232,058*	Correct
  27/02/17	24/02/17	0	0	0	0	0	2,262,565	2,581,645	-319,080*	319,080*	Correct
  14/03/17	13/03/17	0	0	0	0	0	2,001,500	2,262,565	-261,065*	261,065*	Correct
  05/04/17	04/04/17	0	0	0	0	0	1,723,760	2,001,500	-277,740*	277,740*	Correct
  26/09/17	13/09/17	+16,245	+21,521	4,030,497	37,766	3,992,731*	0	1,723,760	-1,723,760*	5,716,491*	Correct
  29/01/18	26/01/18	-1,081,299	-255,743	2,693,455	2,949,198	-255,743	0	255,743	-255,743	0	
Total :	-1,065,054	-234,222			3,736,988			-4,867,895	8,604,883	
* - total shares may have been affected by shares received (delivered).
EXPORTformat XLS CSV        fields 
Please Select ...
 



ZODIAC AEROSPACE SA - ARTISAN PARTNERS LIMITED [ORD]
Reported	Dealing date	Purchases and Sales +/-	Derivatives and Options +/-	Long	Calc. Long	Difference	Short	Calc. Short	Difference	NET	
  13/03/17	08/03/17	0	0	14,590,924	14,590,924	0	0	0	0	0	
Total :	0	0			0			0	0	
* - total shares may have been affected by shares received (delivered).
EXPORTformat XLS CSV        fields 
Please Select ...
 



ZODIAC AEROSPACE SA - AVIVA INVESTORS FRANCE [ORD]
Reported	Dealing date	Purchases and Sales +/-	Derivatives and Options +/-	Long	Calc. Long	Difference	Short	Calc. Short	Difference	NET	
  24/05/17	27/04/17	+991,003	0	3,783,382	3,783,382	0	0	0	0	0	
  24/05/17	28/04/17	+107,518	0	3,891,030	3,890,900	130*	0	0	0	130*	Correct
  24/05/17	09/05/17	+600	0	3,891,380	3,891,630	-250*	0	0	0	-250*	Correct
  24/05/17	15/05/17	+1,265	0	3,892,645	3,892,645	0	0	0	0	0	
  24/05/17	16/05/17	+7,400	0	3,900,135	3,900,045	90*	0	0	0	90*	Correct
  24/05/17	17/05/17	-2,423	0	3,897,572	3,897,712	-140*	0	0	0	-140*	Correct
  30/05/17	29/05/17	+3,634	0	3,902,366	3,901,206	1,160*	0	0	0	1,160*	Correct
  30/05/17	30/05/17	+1,996	0	3,904,362	3,904,362	0	0	0	0	0	
  08/06/17	01/06/17	-780	0	3,903,582	3,903,582	0	0	0	0	0	
  08/06/17	05/06/17	-400	0	3,903,182	3,903,182	0	0	0	0	0	
  16/06/17	15/06/17	+2,259	0	3,905,441	3,905,441	0	0	0	0	0	
  19/06/17	16/06/17	-77,219	0	3,828,222	3,828,222	0	0	0	0	0	
  27/06/17	26/06/17	-30,998	0	3,797,224	3,797,224	0	0	0	0	0	
  28/06/17	27/06/17	-22,670	0	3,774,554	3,774,554	0	0	0	0	0	
  05/07/17	04/07/17	-120,706	0	3,653,848	3,653,848	0	0	0	0	0	
  11/07/17	10/07/17	+8,678	0	3,662,526	3,662,526	0	0	0	0	0	
  26/07/17	25/07/17	+22,868	0	3,685,394	3,685,394	0	0	0	0	0	
  03/08/17	02/08/17	-120	0	3,685,274	3,685,274	0	0	0	0	0	
  04/08/17	03/08/17	-910	0	3,684,364	3,684,364	0	0	0	0	0	
  07/08/17	06/08/17	-280	0	3,684,084	3,684,084	0	0	0	0	0	
  16/08/17	15/08/17	+310	0	3,684,394	3,684,394	0	0	0	0	0	
  18/08/17	17/08/17	-9,877	0	3,674,517	3,674,517	0	0	0	0	0	
  22/08/17	21/08/17	-41,493	0	3,633,024	3,633,024	0	0	0	0	0	
  31/08/17	30/08/17	+10,390	0	3,643,414	3,643,414	0	0	0	0	0	
  08/09/17	07/09/17	-1,200	0	3,642,214	3,642,214	0	0	0	0	0	
  08/09/17	15/09/17	-240	0	3,641,974	3,641,974	0	0	0	0	0	
  08/09/17	18/09/17	-5,208	0	3,636,766	3,636,766	0	0	0	0	0	
  08/09/17	19/09/17	-140,871	0	3,495,895	3,495,895	0	0	0	0	0	
  08/09/17	20/09/17	-125,951	0	3,369,944	3,369,944	0	0	0	0	0	
  26/09/17	25/09/17	+7,939	0	3,377,883	3,377,883	0	0	0	0	0	
  27/09/17	26/09/17	-22,510	0	3,355,373	3,355,373	0	0	0	0	0	
  06/10/17	05/10/17	-4,155	0	3,351,218	3,351,218	0	0	0	0	0	
  06/10/17	11/10/17	-10,440	0	3,340,778	3,340,778	0	0	0	0	0	
  06/10/17	12/10/17	-2,115	0	3,338,663	3,338,663	0	0	0	0	0	
  06/10/17	17/10/17	-23,350	0	3,315,313	3,315,313	0	0	0	0	0	
  19/10/17	18/10/17	-586	0	3,314,727	3,314,727	0	0	0	0	0	
  26/10/17	25/10/17	-32,582	0	3,282,145	3,282,145	0	0	0	0	0	
  30/10/17	27/10/17	-731	0	3,281,414	3,281,414	0	0	0	0	0	
  31/10/17	30/10/17	-26,702	0	3,254,712	3,254,712	0	0	0	0	0	
  08/11/17	07/11/17	-22,067	0	3,232,645	3,232,645	0	0	0	0	0	
  09/11/17	08/11/17	-110	0	3,232,535	3,232,535	0	0	0	0	0	
  10/11/17	09/11/17	+112,852	0	3,345,387	3,345,387	0	0	0	0	0	
  13/11/17	10/11/17	+61,055	0	3,406,442	3,406,442	0	0	0	0	0	
  14/11/17	13/11/17	+370	0	3,406,812	3,406,812	0	0	0	0	0	
  16/11/17	15/11/17	+1,470	0	3,408,282	3,408,282	0	0	0	0	0	
  20/11/17	17/11/17	-55,812	0	3,352,470	3,352,470	0	0	0	0	0	
  21/11/17	20/11/17	-5,952	0	3,346,518	3,346,518	0	0	0	0	0	
  24/11/17	23/11/17	+159	0	3,346,677	3,346,677	0	0	0	0	0	
  07/12/17	06/12/17	-17,719	0	3,328,958	3,328,958	0	0	0	0	0	
  12/12/17	11/12/17	-95	0	3,328,863	3,328,863	0	0	0	0	0	
  14/12/17	13/12/17	-19,515	0	3,309,348	3,309,348	0	0	0	0	0	
  14/12/17	14/12/17	-706	0	3,308,642	3,308,642	0	0	0	0	0	
  18/12/17	15/12/17	-51,759	0	3,256,883	3,256,883	0	0	0	0	0	
  20/12/17	19/12/17	+170	0	3,257,053	3,257,053	0	0	0	0	0	
  04/01/18	03/01/18	-387	0	3,256,666	3,256,666	0	0	0	0	0	
  08/01/18	05/01/18	+300	0	3,256,966	3,256,966	0	0	0	0	0	
  11/01/18	10/01/18	-1,085	0	3,255,881	3,255,881	0	0	0	0	0	
  17/01/18	16/01/18	-137	0	3,255,744	3,255,744	0	0	0	0	0	
  18/01/18	17/01/18	-25,285	0	3,230,459	3,230,459	0	0	0	0	0	
  29/01/18	26/01/18	+25,192	0	3,255,651	3,255,651	0	0	0	0	0	
  02/02/18	01/02/18	+360	0	3,256,011	3,256,011	0	0	0	0	0	
Total :	+462,642	0			990*			0	990*	
* - total shares may have been affected by shares received (delivered).
EXPORTformat XLS CSV        fields 
Please Select ...
 



ZODIAC AEROSPACE SA - BLACKROCK GROUP [ORD]
Reported	Dealing date	Purchases and Sales +/-	Derivatives and Options +/-	Long	Calc. Long	Difference	Short	Calc. Short	Difference	NET	
  28/02/17	27/02/17	+687,970	0	9,564,330	9,564,330	0	0	0	0	0	
  01/03/17	28/02/17	-28,437	0	9,535,893	9,535,893	0	0	0	0	0	
  02/03/17	01/03/17	-27,164	0	9,508,729	9,508,729	0	0	0	0	0	
  03/03/17	02/03/17	+5,710	0	9,514,439	9,514,439	0	0	0	0	0	
  06/03/17	03/03/17	+78,885	0	9,593,324	9,593,324	0	0	0	0	0	
  07/03/17	06/03/17	-992,708	0	8,600,616	8,600,616	0	0	0	0	0	
  08/03/17	07/03/17	+396,500	0	8,997,116	8,997,116	0	0	0	0	0	
  09/03/17	08/03/17	+391,194	0	9,388,310	9,388,310	0	0	0	0	0	
  10/03/17	09/03/17	+8,505	-929	9,396,815	9,396,815	0	178,710	929	177,781*	-177,781*	Correct
  13/03/17	10/03/17	+772,478	0	10,169,293	10,169,293	0	178,710	178,710	0	0	
  14/03/17	13/03/17	-955,779	0	9,213,514	9,213,514	0	178,710	178,710	0	0	
  15/03/17	14/03/17	+686,866	0	9,900,380	9,900,380	0	178,710	178,710	0	0	
  16/03/17	15/03/17	+184,903	0	10,085,283	10,085,283	0	178,710	178,710	0	0	
  17/03/17	16/03/17	-1,465,848	0	8,619,435	8,619,435	0	178,710	178,710	0	0	
  20/03/17	17/03/17	-266,989	0	8,352,446	8,352,446	0	178,710	178,710	0	0	
  30/03/17	29/03/17	+618,351	0	8,617,891	8,970,797	-352,906*	178,710	178,710	0	-352,906*	Correct
  31/03/17	30/03/17	+354,301	0	8,972,192	8,972,192	0	178,710	178,710	0	0	
  03/04/17	31/03/17	-594,415	0	8,377,777	8,377,777	0	178,710	178,710	0	0	
  05/04/17	04/04/17	+323,154	0	8,668,040	8,700,931	-32,891*	178,710	178,710	0	-32,891*	Correct
  06/04/17	05/04/17	-53,906	0	8,614,134	8,614,134	0	178,710	178,710	0	0	
  07/04/17	06/04/17	+240,521	0	8,854,655	8,854,655	0	178,710	178,710	0	0	
  10/04/17	07/04/17	-401,908	0	8,452,747	8,452,747	0	178,710	178,710	0	0	
  11/04/17	10/04/17	+353,934	0	8,806,681	8,806,681	0	178,710	178,710	0	0	
  12/04/17	11/04/17	-278,893	0	8,527,788	8,527,788	0	178,710	178,710	0	0	
  13/04/17	12/04/17	-186,491	0	8,341,297	8,341,297	0	178,710	178,710	0	0	
  20/04/17	19/04/17	+1,110,884	0	8,960,742	9,452,181	-491,439*	178,710	178,710	0	-491,439*	Correct
  21/04/17	20/04/17	-363,782	0	8,596,960	8,596,960	0	178,710	178,710	0	0	
  24/04/17	21/04/17	-300,249	0	8,296,711	8,296,711	0	178,710	178,710	0	0	
  25/04/17	24/04/17	+334,841	0	8,631,552	8,631,552	0	178,710	178,710	0	0	
  26/04/17	25/04/17	-309,083	0	8,322,469	8,322,469	0	178,710	178,710	0	0	
  02/05/17	01/05/17	+605,597	0	8,670,572	8,928,066	-257,494*	178,710	178,710	0	-257,494*	Correct
  03/05/17	02/05/17	-380,307	0	8,290,265	8,290,265	0	178,710	178,710	0	0	
  12/05/17	11/05/17	+704,589	0	9,192,809	8,994,854	197,955*	178,710	178,710	0	197,955*	Correct
  15/05/16	12/05/17	-321,962	0	8,870,847	8,870,847	0	178,710	178,710	0	0	
  15/05/16	15/05/17	-378,616	0	8,492,231	8,492,231	0	178,710	178,710	0	0	
  17/05/17	16/05/17	+386,537	0	8,878,768	8,878,768	0	178,710	178,710	0	0	
  15/05/16	17/05/17	-222,878	0	8,655,890	8,655,890	0	178,710	178,710	0	0	
  19/05/17	18/05/17	+591,872	0	9,247,762	9,247,762	0	178,710	178,710	0	0	
  22/05/17	19/05/17	-330,422	0	8,917,340	8,917,340	0	178,710	178,710	0	0	
  23/05/17	22/05/17	-165,684	0	8,751,656	8,751,656	0	178,710	178,710	0	0	
  24/05/17	23/05/17	-35,182	0	8,716,474	8,716,474	0	178,710	178,710	0	0	
  29/05/17	24/05/17	+41,100	0	8,757,574	8,757,574	0	178,710	178,710	0	0	
  29/05/17	25/05/17	+49,329	0	8,806,903	8,806,903	0	178,710	178,710	0	0	
  29/05/17	26/05/17	-689,548	0	8,117,355	8,117,355	0	178,710	178,710	0	0	
  30/05/17	29/05/17	+946,714	0	9,064,069	9,064,069	0	178,710	178,710	0	0	
  31/05/17	30/05/17	-297,978	0	8,766,091	8,766,091	0	178,710	178,710	0	0	
  01/06/17	31/05/17	+390,509	0	9,156,600	9,156,600	0	178,710	178,710	0	0	
  02/06/17	01/06/17	-16,723	0	9,139,877	9,139,877	0	178,710	178,710	0	0	
  06/06/17	02/06/17	-446,757	0	8,693,120	8,693,120	0	178,710	178,710	0	0	
  06/06/17	05/06/17	+186,134	0	8,879,254	8,879,254	0	178,710	178,710	0	0	
  07/06/17	06/06/17	-14,097	0	8,865,157	8,865,157	0	178,710	178,710	0	0	
  08/06/17	07/06/17	-73,081	0	8,792,076	8,792,076	0	178,710	178,710	0	0	
  09/06/17	08/06/17	-11,644	0	8,780,432	8,780,432	0	178,710	178,710	0	0	
  12/06/17	09/06/17	+32,795	0	8,813,227	8,813,227	0	178,710	178,710	0	0	
  13/06/17	12/06/17	-429,907	0	8,383,320	8,383,320	0	178,710	178,710	0	0	
  14/06/17	13/06/17	+461,628	0	8,844,948	8,844,948	0	178,710	178,710	0	0	
  15/06/17	14/06/17	-451,639	0	8,393,309	8,393,309	0	178,710	178,710	0	0	
  19/06/17	16/06/17	+554,999	+308	9,051,410	8,948,616	102,794*	178,710	178,710	0	102,794*	Correct
  20/06/17	19/06/17	+148,089	0	9,199,499	9,199,499	0	178,710	178,710	0	0	
  21/06/17	20/06/17	-765,956	0	8,433,543	8,433,543	0	178,710	178,710	0	0	
  26/06/17	23/06/17	+317,812	0	8,763,821	8,751,355	12,466*	178,710	178,710	0	12,466*	Correct
  28/06/17	26/06/17	-24,772	0	8,739,049	8,739,049	0	178,710	178,710	0	0	
  28/06/17	27/06/17	+170,342	0	8,909,391	8,909,391	0	178,710	178,710	0	0	
  29/06/17	28/06/17	-124,935	0	8,784,456	8,784,456	0	178,710	178,710	0	0	
  30/06/17	29/06/17	-314,952	0	8,469,504	8,469,504	0	178,710	178,710	0	0	
  03/07/17	30/06/17	+298,830	0	8,768,334	8,768,334	0	178,710	178,710	0	0	
  04/07/17	03/07/17	-13,102	0	8,754,962	8,755,232	-270*	178,710	178,710	0	-270*	Correct
  05/07/17	04/07/17	+325,434	0	9,080,666	9,080,396	270*	178,710	178,710	0	270*	Correct
  07/07/17	05/07/17	-159,606	0	8,921,060	8,921,060	0	178,710	178,710	0	0	
  07/07/17	06/07/17	-133,873	0	8,787,187	8,787,187	0	178,710	178,710	0	0	
  10/07/17	07/07/17	+137,925	0	8,925,112	8,925,112	0	178,710	178,710	0	0	
  11/07/17	10/07/17	-287,954	0	8,637,158	8,637,158	0	178,710	178,710	0	0	
  12/07/17	11/07/17	+37,656	0	8,674,814	8,674,814	0	178,710	178,710	0	0	
  13/07/17	12/07/17	+315,378	0	8,990,192	8,990,192	0	178,710	178,710	0	0	
  17/07/17	13/07/17	-248,960	0	8,741,232	8,741,232	0	178,710	178,710	0	0	
  17/07/17	14/07/17	-8,450	0	8,732,782	8,732,782	0	178,710	178,710	0	0	
  18/07/17	17/07/17	+104,182	0	8,836,964	8,836,964	0	178,710	178,710	0	0	
  19/07/17	18/07/17	-47,300	0	8,789,664	8,789,664	0	178,710	178,710	0	0	
  20/07/17	19/07/17	+420,050	0	9,209,714	9,209,714	0	178,710	178,710	0	0	
  21/07/17	20/07/17	+10,033	0	9,219,747	9,219,747	0	178,710	178,710	0	0	
  24/07/17	21/07/17	-293,541	0	8,926,206	8,926,206	0	178,710	178,710	0	0	
  25/07/17	24/07/17	+10,672	0	8,936,878	8,936,878	0	178,710	178,710	0	0	
  26/07/17	25/07/17	+550,561	0	9,487,439	9,487,439	0	178,710	178,710	0	0	
  27/07/17	26/07/17	-330,242	0	9,157,197	9,157,197	0	178,710	178,710	0	0	
  28/07/17	27/07/17	-300,173	0	8,857,024	8,857,024	0	178,710	178,710	0	0	
  31/07/17	28/07/17	+41,932	0	8,898,956	8,898,956	0	178,710	178,710	0	0	
  01/08/17	31/07/17	+13,917	0	8,912,873	8,912,873	0	178,710	178,710	0	0	
  02/08/17	01/08/17	+214,387	0	9,127,260	9,127,260	0	178,710	178,710	0	0	
  03/08/17	02/08/17	+163,223	0	9,290,483	9,290,483	0	178,710	178,710	0	0	
  04/08/17	03/08/17	+5,970	+2,456	9,298,909	9,298,909	0	178,710	178,710	0	0	
  07/08/17	04/08/17	-17,497	0	9,281,412	9,281,412	0	178,710	178,710	0	0	
  08/08/17	07/08/17	-12,451	0	9,268,961	9,268,961	0	178,710	178,710	0	0	
  09/08/17	08/08/17	-118,821	0	9,150,140	9,150,140	0	178,710	178,710	0	0	
  10/08/17	09/08/17	+15,259	0	9,165,399	9,165,399	0	178,710	178,710	0	0	
  11/08/17	10/08/17	-585,684	0	8,579,715	8,579,715	0	178,710	178,710	0	0	
  16/08/17	11/08/17	+597,466	0	9,177,181	9,177,181	0	178,710	178,710	0	0	
  16/08/17	14/08/17	+14,870	0	9,192,051	9,192,051	0	178,710	178,710	0	0	
  16/08/17	15/08/17	+80,757	+1,959	9,274,767	9,274,767	0	178,710	178,710	0	0	
  17/08/17	16/08/17	-3,897	0	9,270,870	9,270,870	0	178,710	178,710	0	0	
  18/08/17	17/08/17	-4,205	0	9,266,665	9,266,665	0	178,710	178,710	0	0	
  21/08/17	18/08/17	-32,692	0	9,233,973	9,233,973	0	178,710	178,710	0	0	
  22/08/17	21/08/17	+54,235	0	9,288,208	9,288,208	0	178,710	178,710	0	0	
  23/08/17	22/08/17	+121,859	+1,148	9,411,215	9,411,215	0	178,710	178,710	0	0	
  24/08/17	23/08/17	+186,146	0	9,597,361	9,597,361	0	178,710	178,710	0	0	
  25/08/17	24/08/17	-136,287	0	9,461,074	9,461,074	0	178,710	178,710	0	0	
  28/08/17	25/08/17	-203,383	0	9,257,691	9,257,691	0	178,710	178,710	0	0	
  29/08/17	28/08/17	+40,162	0	9,297,853	9,297,853	0	178,710	178,710	0	0	
  30/08/17	29/08/17	+83,270	0	9,381,123	9,381,123	0	178,710	178,710	0	0	
  31/08/17	30/08/17	-10,122	0	9,371,001	9,371,001	0	178,710	178,710	0	0	
  01/09/17	31/08/17	+134,000	+166	9,505,167	9,505,167	0	178,710	178,710	0	0	
  04/09/17	01/09/17	-152,755	0	9,352,412	9,352,412	0	178,710	178,710	0	0	
  05/09/17	04/09/17	+9,109	0	9,361,521	9,361,521	0	178,710	178,710	0	0	
  06/09/17	05/09/17	-11,881	0	9,349,640	9,349,640	0	178,710	178,710	0	0	
  07/09/17	06/09/17	+85,481	0	9,435,121	9,435,121	0	178,710	178,710	0	0	
  08/09/17	07/09/17	-44,197	0	9,390,924	9,390,924	0	178,710	178,710	0	0	
  08/09/17	08/09/17	+74,846	+3,429	9,469,199	9,469,199	0	178,710	178,710	0	0	
  08/09/17	11/09/17	-108,413	0	9,360,786	9,360,786	0	178,710	178,710	0	0	
  08/09/17	12/09/17	-12,227	0	9,348,559	9,348,559	0	178,710	178,710	0	0	
  08/09/17	13/09/17	+31,035	0	9,379,594	9,379,594	0	178,710	178,710	0	0	
  08/09/17	14/09/17	-46,219	0	9,333,375	9,333,375	0	178,710	178,710	0	0	
  08/09/17	15/09/17	-69,105	+355	9,264,625	9,264,625	0	178,710	178,710	0	0	
  08/09/17	18/09/17	-124,008	0	9,140,617	9,140,617	0	178,710	178,710	0	0	
  08/09/17	19/09/17	+224,938	0	9,365,555	9,365,555	0	178,710	178,710	0	0	
  08/09/17	20/09/17	+251,508	0	9,617,063	9,617,063	0	178,710	178,710	0	0	
  22/09/17	21/09/17	-397,006	0	9,220,057	9,220,057	0	178,710	178,710	0	0	
  25/09/17	22/09/17	+423,183	+10,486	9,653,726	9,653,726	0	178,710	178,710	0	0	
  26/09/17	25/09/17	-150,462	0	9,503,264	9,503,264	0	178,710	178,710	0	0	
  27/09/17	26/09/17	+117,935	0	9,621,199	9,621,199	0	178,710	178,710	0	0	
  28/09/17	27/09/17	+1,378	0	9,622,577	9,622,577	0	178,710	178,710	0	0	
  29/09/17	28/09/17	-52,453	0	9,570,124	9,570,124	0	178,710	178,710	0	0	
  02/10/17	29/09/17	-54,054	+610	9,516,680	9,516,680	0	178,710	178,710	0	0	
  03/10/17	02/10/17	+32,872	0	9,549,552	9,549,552	0	178,710	178,710	0	0	
  04/10/17	03/10/17	+246,751	0	9,786,190	9,796,303	-10,113*	178,710	178,710	0	-10,113*	Correct
  05/10/17	04/10/17	+5,159	0	9,791,349	9,791,349	0	178,710	178,710	0	0	
  06/10/17	05/10/17	+19,591	0	9,810,940	9,810,940	0	178,710	178,710	0	0	
  06/10/17	06/10/17	-171,328	0	9,639,612	9,639,612	0	178,710	178,710	0	0	
  06/10/17	09/10/17	+21,129	0	9,660,741	9,660,741	0	178,710	178,710	0	0	
  06/10/17	10/10/17	+5,555	0	9,666,296	9,666,296	0	178,710	178,710	0	0	
  06/10/17	11/10/17	-13,958	0	9,652,338	9,652,338	0	178,710	178,710	0	0	
  06/10/17	12/10/17	+178	0	9,652,516	9,652,516	0	178,710	178,710	0	0	
  06/10/17	13/10/17	-9,594	+118	9,643,040	9,643,040	0	178,710	178,710	0	0	
  06/10/17	16/10/17	-9,415	0	9,633,625	9,633,625	0	178,710	178,710	0	0	
  06/10/17	17/10/17	+220,260	0	9,853,885	9,853,885	0	178,710	178,710	0	0	
  19/10/17	18/10/17	-66,633	0	9,787,252	9,787,252	0	178,710	178,710	0	0	
  20/10/17	19/10/17	-26,230	-278	9,760,744	9,761,022	-278	178,710	178,988	-278	0	
  23/10/17	20/10/17	+116,998	0	9,877,742	9,877,742	0	178,710	178,710	0	0	
  24/10/17	23/10/17	-89,443	0	9,788,299	9,788,299	0	178,710	178,710	0	0	
  25/10/17	24/10/17	-174,671	0	9,613,628	9,613,628	0	178,710	178,710	0	0	
  26/10/17	25/10/17	+123,572	0	9,737,200	9,737,200	0	178,710	178,710	0	0	
  27/10/17	26/10/17	+72,408	+999	9,810,607	9,810,607	0	178,710	178,710	0	0	
  30/10/17	27/10/17	-213,309	0	9,597,298	9,597,298	0	178,710	178,710	0	0	
  31/10/17	30/10/17	+2,917	0	9,600,215	9,600,215	0	178,710	178,710	0	0	
  02/11/17	31/10/17	-226,527	0	9,373,688	9,373,688	0	178,710	178,710	0	0	
  02/11/17	01/11/17	+161,467	0	9,535,155	9,535,155	0	178,710	178,710	0	0	
  03/11/17	02/11/17	-60,603	0	9,474,552	9,474,552	0	178,710	178,710	0	0	
  06/11/17	03/11/17	+349,430	0	9,823,982	9,823,982	0	178,710	178,710	0	0	
  07/11/17	06/11/17	+169,219	0	9,993,201	9,993,201	0	178,710	178,710	0	0	
  08/11/17	07/11/17	-18,896	0	9,974,305	9,974,305	0	178,710	178,710	0	0	
  09/11/17	08/11/17	+52,202	0	10,026,507	10,026,507	0	178,710	178,710	0	0	
  10/11/17	09/11/17	+13,925	+603	10,041,035	10,041,035	0	178,710	178,710	0	0	
  13/11/17	10/11/17	+71,142	0	10,112,177	10,112,177	0	178,710	178,710	0	0	
  14/11/17	13/11/17	-434,622	0	9,677,555	9,677,555	0	178,710	178,710	0	0	
  15/11/17	14/11/17	-438,839	0	9,238,716	9,238,716	0	178,710	178,710	0	0	
  16/11/17	15/11/17	-58,340	0	9,180,376	9,180,376	0	178,710	178,710	0	0	
  17/11/17	16/11/17	+145,428	+115	9,325,919	9,325,919	0	178,710	178,710	0	0	
  20/11/17	17/11/17	-98,678	0	9,227,241	9,227,241	0	178,710	178,710	0	0	
  21/11/17	20/11/17	-2,050	0	9,225,191	9,225,191	0	178,710	178,710	0	0	
  22/11/17	21/11/17	-149,803	0	9,075,388	9,075,388	0	178,710	178,710	0	0	
  24/11/17	22/11/17	+180,708	0	9,256,096	9,256,096	0	178,710	178,710	0	0	
  24/11/17	23/11/17	-260,980	0	8,995,116	8,995,116	0	178,710	178,710	0	0	
  27/11/17	24/11/17	+70,874	0	9,065,990	9,065,990	0	178,710	178,710	0	0	
  28/11/17	27/11/17	+240,529	0	9,306,519	9,306,519	0	178,710	178,710	0	0	
  29/11/17	28/11/17	-276,331	0	9,030,188	9,030,188	0	178,710	178,710	0	0	
  30/11/17	29/11/17	+164,102	0	9,194,290	9,194,290	0	178,710	178,710	0	0	
  01/12/17	30/11/17	+142,394	-142	9,449,142	9,336,684	112,458*	178,710	178,852	-142*	112,600*	Correct
  04/12/17	01/12/17	+178,488	0	9,515,030	9,627,630	-112,600*	178,710	178,710	0	-112,600*	Correct
  05/12/17	04/12/17	-20,229	0	9,494,801	9,494,801	0	178,710	178,710	0	0	
  06/12/17	05/12/17	-345,455	0	9,149,346	9,149,346	0	178,710	178,710	0	0	
  07/12/17	06/12/17	+468,089	0	9,617,435	9,617,435	0	178,710	178,710	0	0	
  11/12/17	08/12/17	-177,088	0	9,182,211	9,440,347	-258,136*	178,710	178,710	0	-258,136*	Correct
  12/12/17	11/12/17	+327,847	0	9,510,058	9,510,058	0	178,710	178,710	0	0	
  13/12/17	12/12/17	-123,947	0	9,386,111	9,386,111	0	178,710	178,710	0	0	
  14/12/17	13/12/17	-16,961	0	9,369,150	9,369,150	0	178,710	178,710	0	0	
  14/12/17	14/12/17	+211,266	-189	9,580,227	9,580,416	-189	178,710	178,899	-189	0	
  18/12/17	15/12/17	-374,058	0	9,206,169	9,206,169	0	178,710	178,710	0	0	
  19/12/17	18/12/17	+74,634	0	9,280,803	9,280,803	0	178,710	178,710	0	0	
  20/12/17	19/12/17	+164,033	0	9,444,836	9,444,836	0	178,710	178,710	0	0	
  21/12/17	20/12/17	+179,252	0	9,624,088	9,624,088	0	178,710	178,710	0	0	
  22/12/17	21/12/17	+56,275	-302	9,680,061	9,680,363	-302	178,710	179,012	-302	0	
  27/12/17	22/12/17	+141,571	0	9,821,632	9,821,632	0	178,710	178,710	0	0	
  27/12/17	26/12/17	+735	0	9,822,367	9,822,367	0	178,710	178,710	0	0	
  28/12/17	27/12/17	-440,423	0	9,381,944	9,381,944	0	178,710	178,710	0	0	
  29/12/17	28/12/17	+379,544	0	9,761,488	9,761,488	0	178,710	178,710	0	0	
  02/01/18	29/12/17	-923,206	0	8,838,282	8,838,282	0	178,710	178,710	0	0	
  03/01/18	02/01/18	+172,486	0	9,010,768	9,010,768	0	178,710	178,710	0	0	
  04/01/18	03/01/18	+114,552	0	9,125,320	9,125,320	0	178,710	178,710	0	0	
  05/01/18	04/01/18	+30,409	0	9,155,729	9,155,729	0	178,710	178,710	0	0	
  08/01/18	05/01/18	+85,656	-259	9,241,126	9,241,385	-259	178,710	178,969	-259	0	
  09/01/18	08/01/18	-54,137	0	9,186,989	9,186,989	0	178,710	178,710	0	0	
  10/01/18	09/01/18	+78,279	0	9,265,268	9,265,268	0	178,710	178,710	0	0	
  11/01/18	10/01/18	-112,549	0	9,152,719	9,152,719	0	178,710	178,710	0	0	
  12/01/18	11/01/18	-177,969	-360	8,974,390	8,974,750	-360	178,710	179,070	-360	0	
  15/01/18	12/01/18	-152,494	0	8,821,896	8,821,896	0	178,710	178,710	0	0	
  16/01/18	15/01/18	+216,188	0	9,038,084	9,038,084	0	178,710	178,710	0	0	
  17/01/18	16/01/18	-57,826	0	8,980,258	8,980,258	0	178,710	178,710	0	0	
  18/01/18	17/01/18	-174,697	0	8,805,561	8,805,561	0	178,710	178,710	0	0	
  19/01/18	18/01/18	-101,957	-418	8,703,186	8,703,604	-418	178,710	179,128	-418	0	
  22/01/18	19/01/18	+188,032	0	8,891,218	8,891,218	0	178,710	178,710	0	0	
  23/01/18	22/01/18	+214,196	0	9,105,414	9,105,414	0	178,710	178,710	0	0	
  24/01/18	23/01/18	-318,387	0	8,787,027	8,787,027	0	178,710	178,710	0	0	
  25/01/18	24/01/18	-1,923,289	0	6,863,738	6,863,738	0	178,710	178,710	0	0	
  26/01/18	25/01/18	-1,497,677	0	5,366,061	5,366,061	0	178,710	178,710	0	0	
Total :	-2,441,339	+19,875			-1,091,712			175,833	-1,267,545	
* - total shares may have been affected by shares received (delivered).
EXPORTformat XLS CSV        fields 
Please Select ...
 



ZODIAC AEROSPACE SA - BOUSSARD & GAVAUDAN [ORD]
Reported	Dealing date	Purchases and Sales +/-	Derivatives and Options +/-	Long	Calc. Long	Difference	Short	Calc. Short	Difference	NET	
  23/01/18	19/01/18	0	+1,591,488	4,828,190	4,828,190	0	0	0	0	0	
  23/01/18	22/01/18	0	+1,050,160	5,878,350	5,878,350	0	0	0	0	0	
  24/01/18	23/01/18	0	+1,094,316	6,972,666	6,972,666	0	0	0	0	0	
  25/01/18	24/01/18	0	+4,758,597	11,731,263	11,731,263	0	0	0	0	0	
  26/01/18	25/01/18	0	+418,941	12,150,204	12,150,204	0	0	0	0	0	
  29/01/18	26/01/18	+5,000,000	-2,750,204	14,400,000	19,400,000	-5,000,000	0	5,000,000	-5,000,000	0	
  30/01/18	29/01/18	+3,000,000	-2,570,201	14,829,799	17,829,799	-3,000,000	0	3,000,000	-3,000,000	0	
  31/01/18	30/01/18	0	+20,162	14,849,961	14,849,961	0	0	0	0	0	
  02/02/18	01/02/18	-8,000,000	-6,843,726	6,235	6,856,955	-6,850,720*	0	6,850,720	-6,850,720*	0	
Total :	0	-3,230,467			-14,850,720			-14,850,720	0	
* - total shares may have been affected by shares received (delivered).
EXPORTformat XLS CSV        fields 
Please Select ...
 



ZODIAC AEROSPACE SA - ELLIOTT CAPITAL ADVISORS [ORD]
Reported	Dealing date	Purchases and Sales +/-	Derivatives and Options +/-	Long	Calc. Long	Difference	Short	Calc. Short	Difference	NET	
  27/12/17	22/12/17	0	+385,000	3,307,159	3,307,159	0	0	0	0	0	
  28/12/17	27/12/17	0	+142,029	3,449,188	3,449,188	0	0	0	0	0	
  29/12/17	28/12/17	0	+51,873	3,501,061	3,501,061	0	0	0	0	0	
  02/01/18	29/12/17	0	+207,322	3,708,383	3,708,383	0	0	0	0	0	
  04/01/18	03/01/18	0	+1,220,825	4,929,208	4,929,208	0	0	0	0	0	
  05/01/18	04/01/18	0	+93,013	5,022,221	5,022,221	0	0	0	0	0	
  08/01/18	05/01/18	0	+779,989	5,802,210	5,802,210	0	0	0	0	0	
  10/01/18	09/01/18	0	+47,405	5,849,615	5,849,615	0	0	0	0	0	
  12/01/18	10/01/18	0	+130,714	5,980,329	5,980,329	0	0	0	0	0	
  12/01/18	11/01/18	0	+988,544	6,968,873	6,968,873	0	0	0	0	0	
  15/01/18	12/01/18	0	+143,332	7,112,205	7,112,205	0	0	0	0	0	
  16/01/18	15/01/18	0	+50,205	7,162,410	7,162,410	0	0	0	0	0	
  17/01/18	16/01/18	0	+36,714	7,199,124	7,199,124	0	0	0	0	0	
  18/01/18	17/01/18	0	+2,807,718	10,006,842	10,006,842	0	0	0	0	0	
  25/01/18	23/01/18	0	+101,831	10,108,673	10,108,673	0	0	0	0	0	
  25/01/18	24/01/18	0	+4,634	10,113,307	13,113,307	-3,000,000	0	3,000,000	-3,000,000	0	
  31/01/18	29/01/18	+3,830,000	-3,830,000	10,113,307	13,943,307	-3,830,000	0	3,830,000	-3,830,000	0	
  01/02/18	30/01/18	-3,830,000	0	6,283,307	6,283,307	0	0	0	0	0	
Total :	0	+3,361,148			-6,830,000			-6,830,000	0	
* - total shares may have been affected by shares received (delivered).
EXPORTformat XLS CSV        fields 
Please Select ...
 



ZODIAC AEROSPACE SA - FARALLON CAPITAL EUROPE [ORD]
Reported	Dealing date	Purchases and Sales +/-	Derivatives and Options +/-	Long	Calc. Long	Difference	Short	Calc. Short	Difference	NET	
  17/07/17	14/07/17	0	+75,329	2,966,000	2,966,000	0	0	0	0	0	
  18/07/17	17/07/17	0	+50,000	3,016,000	3,016,000	0	0	0	0	0	
  19/07/17	18/07/17	0	+50,000	3,066,000	3,066,000	0	0	0	0	0	
  24/07/17	21/07/17	0	+54,000	3,120,000	3,120,000	0	0	0	0	0	
  25/07/17	24/07/17	0	+95,000	3,215,000	3,215,000	0	0	0	0	0	
  26/07/17	25/07/17	0	+140,000	3,355,000	3,355,000	0	0	0	0	0	
  27/07/17	26/07/17	0	+70,000	3,425,000	3,425,000	0	0	0	0	0	
  31/07/17	28/07/17	0	+75,000	3,500,000	3,500,000	0	0	0	0	0	
Total :	0	+609,329			0			0	0	
* - total shares may have been affected by shares received (delivered).
EXPORTformat XLS CSV        fields 
Please Select ...
 



ZODIAC AEROSPACE SA - LA FRANCAISE ASSET MANAGEMENT [ORD]
Reported	Dealing date	Purchases and Sales +/-	Derivatives and Options +/-	Long	Calc. Long	Difference	Short	Calc. Short	Difference	NET	
  29/01/18	26/01/18	+6,500,000	0	6,500,000	6,500,000	0	0	0	0	0	
Total :	+6,500,000	0			0			0	0	
* - total shares may have been affected by shares received (delivered).
EXPORTformat XLS CSV        fields 
Please Select ...
 



ZODIAC AEROSPACE SA - LONE PINE CAPITAL, LLC [ORD]
Reported	Dealing date	Purchases and Sales +/-	Derivatives and Options +/-	Long	Calc. Long	Difference	Short	Calc. Short	Difference	NET	
  14/04/17	13/04/17	0	0	0	0	0	1,869,842	1,869,842	0	0	
Total :	0	0			0			0	0	
* - total shares may have been affected by shares received (delivered).
EXPORTformat XLS CSV        fields 
Please Select ...
 



ZODIAC AEROSPACE SA - MAGNETAR CAPITAL PARTNERS [ORD]
Reported	Dealing date	Purchases and Sales +/-	Derivatives and Options +/-	Long	Calc. Long	Difference	Short	Calc. Short	Difference	NET	
  21/07/17	19/07/17	0	+75,740	2,953,861	2,953,861	0	0	0	0	0	
  21/07/17	20/07/17	0	+77,587	3,031,448	3,031,448	0	0	0	0	0	
  24/07/17	21/07/17	0	+121,130	3,152,578	3,152,578	0	0	0	0	0	
  25/07/17	24/07/17	0	+83,261	3,235,839	3,235,839	0	0	0	0	0	
  26/07/17	25/07/17	0	+137,033	3,372,872	3,372,872	0	0	0	0	0	
  28/07/17	26/07/17	0	+72,332	3,445,204	3,445,204	0	0	0	0	0	
  28/07/17	27/07/17	0	+80,712	3,525,916	3,525,916	0	0	0	0	0	
  02/08/17	28/07/17	0	+56,349	3,582,265	3,582,265	0	0	0	0	0	
  02/08/17	31/07/17	0	+62,909	3,645,174	3,645,174	0	0	0	0	0	
  02/08/17	01/08/17	0	+51,915	3,697,089	3,697,089	0	0	0	0	0	
  03/08/17	02/08/17	0	+96,455	3,793,544	3,793,544	0	0	0	0	0	
  04/08/17	03/08/17	0	+50,714	3,844,258	3,844,258	0	0	0	0	0	
  05/09/17	01/09/17	0	+12,052	3,856,310	3,856,310	0	0	0	0	0	
  05/09/17	04/09/17	0	+21,313	3,877,623	3,877,623	0	0	0	0	0	
  06/09/17	05/09/17	0	+31,069	3,908,692	3,908,692	0	0	0	0	0	
  07/09/17	06/09/17	0	+30,148	3,938,840	3,938,840	0	0	0	0	0	
  08/09/17	07/09/17	0	+23,813	3,962,653	3,962,653	0	0	0	0	0	
  08/09/17	03/10/17	0	+50,644	4,013,297	4,013,297	0	0	0	0	0	
  05/10/17	04/10/17	0	+11,529	4,024,826	4,024,826	0	0	0	0	0	
  02/11/17	01/11/17	0	+22,424	4,047,250	4,047,250	0	0	0	0	0	
  03/11/17	02/11/17	0	+28,673	4,075,923	4,075,923	0	0	0	0	0	
  06/11/17	03/11/17	0	+12,204	4,088,127	4,088,127	0	0	0	0	0	
  04/12/17	01/12/17	0	+4,265	4,092,392	4,092,392	0	0	0	0	0	
  05/12/17	04/12/17	0	+98,563	4,190,955	4,190,955	0	0	0	0	0	
  06/12/17	05/12/17	0	+59,128	4,250,083	4,250,083	0	0	0	0	0	
  07/12/17	06/12/17	0	+60,531	4,310,614	4,310,614	0	0	0	0	0	
  11/12/17	08/12/17	0	+53,915	4,498,510	4,364,529	133,981*	0	0	0	133,981*	Correct
  12/12/17	11/12/17	0	+32,747	4,531,257	4,531,257	0	0	0	0	0	
  13/12/17	12/12/17	0	+47,193	4,578,450	4,578,450	0	0	0	0	0	
  14/12/17	13/12/17	0	+50,466	4,628,916	4,628,916	0	0	0	0	0	
  14/12/17	14/12/17	0	+15,679	4,644,595	4,644,595	0	0	0	0	0	
  03/01/18	28/12/17	0	-6,513	4,638,082	4,644,595	-6,513	0	6,513	-6,513	0	
  03/01/18	29/12/17	0	-6,514	4,631,568	4,638,082	-6,514	0	6,514	-6,514	0	
Total :	0	+1,619,466			120,954			-13,027	133,981	
* - total shares may have been affected by shares received (delivered).
EXPORTformat XLS CSV        fields 
Please Select ...
 



ZODIAC AEROSPACE SA - MELQART ASSET MANAGEMENT (UK) LTD [ORD]
Reported	Dealing date	Purchases and Sales +/-	Derivatives and Options +/-	Long	Calc. Long	Difference	Short	Calc. Short	Difference	NET	
  02/09/17	01/09/17	0	0	1,548,463	1,548,463	0	0	0	0	0	
Total :	0	0			0			0	0	
* - total shares may have been affected by shares received (delivered).
EXPORTformat XLS CSV        fields 
Please Select ...
 



ZODIAC AEROSPACE SA - NATIXIS GLOBAL ASSET MANAGEMENT [ORD]
Reported	Dealing date	Purchases and Sales +/-	Derivatives and Options +/-	Long	Calc. Long	Difference	Short	Calc. Short	Difference	NET	
  25/07/17	21/07/17	+560,000	0	3,223,000	3,223,000	0	0	0	0	0	
  26/07/17	24/07/17	+212,000	0	3,435,000	3,435,000	0	0	0	0	0	
  26/07/17	25/07/17	+35,000	0	3,470,000	3,470,000	0	0	0	0	0	
  28/07/17	27/07/17	+100,000	0	3,570,000	3,570,000	0	0	0	0	0	
  01/08/17	31/07/17	+12,855	0	3,582,855	3,582,855	0	0	0	0	0	
  03/08/17	02/08/17	+200,000	0	3,782,855	3,782,855	0	0	0	0	0	
  04/08/17	03/08/17	+200,000	0	3,982,855	3,982,855	0	0	0	0	0	
  08/08/17	04/08/17	+390,000	0	4,372,855	4,372,855	0	0	0	0	0	
  09/08/17	08/08/17	+15,000	0	4,387,855	4,387,855	0	0	0	0	0	
  10/08/17	09/08/17	+21,000	0	4,408,855	4,408,855	0	0	0	0	0	
  16/08/17	11/08/17	+416,000	0	4,824,855	4,824,855	0	0	0	0	0	
  18/08/17	17/08/17	+569,000	0	5,393,855	5,393,855	0	0	0	0	0	
  21/08/17	18/08/17	+396,000	0	5,789,855	5,789,855	0	0	0	0	0	
  24/08/17	23/08/17	+54,000	0	5,843,855	5,843,855	0	0	0	0	0	
  25/08/17	24/08/17	+220,000	0	6,063,855	6,063,855	0	0	0	0	0	
  28/05/17	25/08/17	+220,000	0	6,283,855	6,283,855	0	0	0	0	0	
  29/08/17	28/08/17	+220,000	0	6,503,855	6,503,855	0	0	0	0	0	
  31/08/17	30/08/17	+420,000	0	6,923,855	6,923,855	0	0	0	0	0	
  04/09/17	01/09/17	+6,556	0	6,930,411	6,930,411	0	0	0	0	0	
  06/09/17	05/09/17	+1,500	0	6,931,911	6,931,911	0	0	0	0	0	
  07/09/17	06/09/17	+203,444	0	7,135,355	7,135,355	0	0	0	0	0	
  03/10/17	08/09/17	+130,000	0	7,265,355	7,265,355	0	0	0	0	0	
  03/10/17	13/09/17	+18,500	0	7,283,855	7,283,855	0	0	0	0	0	
  03/10/17	14/09/17	+70,000	0	7,353,855	7,353,855	0	0	0	0	0	
  22/09/17	20/09/17	+10,000	0	7,363,855	7,363,855	0	0	0	0	0	
  03/10/17	02/10/17	+5,000	0	7,368,855	7,368,855	0	0	0	0	0	
  03/10/17	03/10/17	+24,200	0	7,393,055	7,393,055	0	0	0	0	0	
  03/10/17	06/10/17	+200,000	0	7,593,055	7,593,055	0	0	0	0	0	
  03/10/17	11/10/17	+94,000	0	7,687,055	7,687,055	0	0	0	0	0	
  03/10/17	17/10/17	+6,000	0	7,693,055	7,693,055	0	0	0	0	0	
  02/11/17	01/11/17	+132,500	0	7,825,555	7,825,555	0	0	0	0	0	
  03/11/17	02/11/17	+132,500	0	7,958,055	7,958,055	0	0	0	0	0	
  16/11/17	14/11/17	+165,000	0	8,123,055	8,123,055	0	0	0	0	0	
  05/12/17	04/12/17	+2,885	0	8,125,940	8,125,940	0	0	0	0	0	
  06/12/17	05/12/17	+55,615	0	8,181,555	8,181,555	0	0	0	0	0	
  14/12/17	13/12/17	+320,000	0	8,501,555	8,501,555	0	0	0	0	0	
  14/12/17	14/12/17	+5,600	0	8,507,155	8,507,155	0	0	0	0	0	
  29/01/18	26/01/18	-750,000	0	7,757,155	7,757,155	0	0	0	0	0	
  02/02/18	31/01/18	-7,757,155	0	0	0	0	0	0	0	0	
Total :	-2,663,000	0			0			0	0	
* - total shares may have been affected by shares received (delivered).
EXPORTformat XLS CSV        fields 
Please Select ...
 



ZODIAC AEROSPACE SA - NORGES BANK [ORD]
Reported	Dealing date	Purchases and Sales +/-	Derivatives and Options +/-	Long	Calc. Long	Difference	Short	Calc. Short	Difference	NET	
  15/03/17	28/02/17	+1,317,035	0	6,822,957	6,822,957	0	0	0	0	0	
  15/03/17	01/03/17	-6,040	0	6,816,917	6,816,917	0	0	0	0	0	
  15/03/17	02/03/17	-372,576	0	6,444,341	6,444,341	0	0	0	0	0	
  06/03/17	03/03/17	+1,277,876	0	7,722,217	7,722,217	0	0	0	0	0	
  07/03/17	06/03/17	-1,754,341	0	5,967,876	5,967,876	0	0	0	0	0	
  15/03/17	07/03/17	+980,591	0	6,948,467	6,948,467	0	0	0	0	0	
  15/03/17	08/03/17	-55,378	0	6,893,089	6,893,089	0	0	0	0	0	
  15/03/17	09/03/17	+129,598	0	7,022,687	7,022,687	0	0	0	0	0	
  15/03/17	10/03/17	-128,990	0	6,893,697	6,893,697	0	0	0	0	0	
  15/03/17	13/03/17	+855,869	0	7,749,566	7,749,566	0	0	0	0	0	
  15/03/17	14/03/17	-1,219,892	0	6,529,674	6,529,674	0	0	0	0	0	
  21/03/17	20/03/17	+176,811	0	6,555,548	6,706,485	-150,937*	0	0	0	-150,937*	Correct
  22/03/17	21/03/17	+34,523	0	6,590,071	6,590,071	0	0	0	0	0	
  23/03/17	22/03/17	+296,335	0	6,886,406	6,886,406	0	0	0	0	0	
  24/03/17	23/03/17	-66,099	0	6,820,307	6,820,307	0	0	0	0	0	
  27/03/17	24/03/17	-93,360	0	6,726,947	6,726,947	0	0	0	0	0	
  28/03/17	27/03/17	-215,406	0	6,511,541	6,511,541	0	0	0	0	0	
Total :	+1,156,556	0			-150,937*			0	-150,937*	
* - total shares may have been affected by shares received (delivered).
EXPORTformat XLS CSV        fields 
Please Select ...
 



ZODIAC AEROSPACE SA - POLYGON GLOBAL PARTNERS LLP [ORD]
Reported	Dealing date	Purchases and Sales +/-	Derivatives and Options +/-	Long	Calc. Long	Difference	Short	Calc. Short	Difference	NET	
  24/01/18	22/01/18	0	+751,722	3,640,638	3,640,638	0	0	0	0	0	
  24/01/18	23/01/18	0	+359,362	4,000,000	4,000,000	0	0	0	0	0	
  29/01/18	26/01/18	0	+250,000	4,250,000	4,250,000	0	0	0	0	0	
  30/01/18	29/01/18	0	+500,000	4,750,000	4,750,000	0	0	0	0	0	
Total :	0	+1,861,084			0			0	0	
* - total shares may have been affected by shares received (delivered).
EXPORTformat XLS CSV        fields 
Please Select ...
 



ZODIAC AEROSPACE SA - PSQUARED ASSET MANAGEMENT AG [ORD]
Reported	Dealing date	Purchases and Sales +/-	Derivatives and Options +/-	Long	Calc. Long	Difference	Short	Calc. Short	Difference	NET	
  02/11/17	31/10/17	+312,335	0	3,004,547	3,004,547	0	0	0	0	0	
  02/11/17	01/11/17	+10,894	0	3,015,441	3,015,441	0	0	0	0	0	
  03/11/17	02/11/17	+72,269	0	3,087,710	3,087,710	0	0	0	0	0	
  06/11/17	03/11/17	-3,460	0	3,084,250	3,084,250	0	0	0	0	0	
  14/11/17	13/11/17	-91,369	0	2,992,881	2,992,881	0	0	0	0	0	
  15/11/17	14/11/17	-73,621	0	2,919,260	2,919,260	0	0	0	0	0	
Total :	+227,048	0			0			0	0	
* - total shares may have been affected by shares received (delivered).
EXPORTformat XLS CSV        fields 
Please Select ...
 



ZODIAC AEROSPACE SA - SYQUANT CAPITAL [ORD]
Reported	Dealing date	Purchases and Sales +/-	Derivatives and Options +/-	Long	Calc. Long	Difference	Short	Calc. Short	Difference	NET	
  02/10/17	14/09/17	0	+418,734	2,966,134	2,966,134	0	0	0	0	0	
  02/10/17	15/09/17	0	+290,126	3,256,260	3,256,260	0	0	0	0	0	
  02/10/17	18/09/17	0	+500	3,256,760	3,256,760	0	0	0	0	0	
  02/10/17	19/09/17	0	+98,500	3,355,260	3,355,260	0	0	0	0	0	
  02/10/17	29/09/17	0	+67,000	3,422,260	3,422,260	0	0	0	0	0	
  20/10/17	19/10/17	0	+340,000	3,762,260	3,762,260	0	0	0	0	0	
  06/11/17	03/11/17	0	-256,109	3,506,151	3,762,260	-256,109	0	256,109	-256,109	0	
  09/11/17	08/11/17	0	-79,835	3,426,316	3,506,151	-79,835	0	79,835	-79,835	0	
  17/11/17	16/11/17	0	+6,530	3,432,846	3,432,846	0	0	0	0	0	
  20/11/17	20/11/17	0	+90,000	3,522,846	3,522,846	0	0	0	0	0	
  22/11/17	21/11/17	0	+25,000	3,547,846	3,547,846	0	0	0	0	0	
  24/11/17	23/11/17	0	+23,000	3,570,846	3,570,846	0	0	0	0	0	
  27/11/17	24/11/17	0	+90,866	3,661,712	3,661,712	0	0	0	0	0	
  28/11/17	27/11/17	0	+30,857	3,692,569	3,692,569	0	0	0	0	0	
  29/11/17	28/11/17	0	+397,823	4,090,392	4,090,392	0	0	0	0	0	
  01/12/17	30/11/17	0	+45,000	4,135,392	4,135,392	0	0	0	0	0	
  04/12/17	01/12/17	0	+496,000	4,631,392	4,631,392	0	0	0	0	0	
  05/12/17	04/12/17	0	+221,579	4,852,971	4,852,971	0	0	0	0	0	
  06/12/17	05/12/17	0	+150,000	5,002,971	5,002,971	0	0	0	0	0	
  11/12/17	08/12/17	0	+30,000	6,054,762	5,032,971	1,021,791*	0	0	0	1,021,791*	Correct
  12/12/17	11/12/17	0	+2,280	6,057,042	6,057,042	0	0	0	0	0	
  18/12/17	15/12/17	0	+481,000	6,538,042	6,538,042	0	0	0	0	0	
  20/12/17	19/12/17	0	+2,834	6,540,876	6,540,876	0	0	0	0	0	
  21/12/17	20/12/17	0	+126,238	6,667,114	6,667,114	0	0	0	0	0	
  22/12/17	21/12/17	0	+662,020	7,329,134	7,329,134	0	0	0	0	0	
  27/12/17	26/12/17	0	+1,042	7,330,176	7,330,176	0	0	0	0	0	
  28/12/17	27/12/17	0	+607	7,330,783	7,330,783	0	0	0	0	0	
  02/01/18	29/12/17	0	+27,616	7,358,399	7,358,399	0	0	0	0	0	
  03/01/18	02/01/18	0	+929,268	8,287,667	8,287,667	0	0	0	0	0	
  04/01/18	03/01/18	0	+205,973	8,493,640	8,493,640	0	0	0	0	0	
  09/01/18	08/01/18	0	+235,444	8,729,084	8,729,084	0	0	0	0	0	
  10/01/18	09/01/18	0	+10,000	8,739,084	8,739,084	0	0	0	0	0	
  16/01/18	15/01/18	0	+2,000	8,741,084	8,741,084	0	0	0	0	0	
  31/01/18	30/01/18	0	+87,522	8,828,606	8,828,606	0	0	0	0	0	
  01/02/18	01/02/18	0	-5,432	8,823,174	8,828,606	-5,432	0	5,432	-5,432	0	
  05/02/18	02/02/18	0	+9,171	9,034,125	8,832,345	201,780*	0	0	0	201,780*	Correct
Total :	0	+5,263,154			882,195			-341,376	1,223,571	
* - total shares may have been affected by shares received (delivered).
EXPORTformat XLS CSV        fields 
Please Select ...
 



ZODIAC AEROSPACE SA - T. ROWE PRICE ASSOCIATES, INC. & ITS AFFILIATES [ORD]
Reported	Dealing date	Purchases and Sales +/-	Derivatives and Options +/-	Long	Calc. Long	Difference	Short	Calc. Short	Difference	NET	
  25/04/17	23/04/17	+454,200	0	3,308,493	3,308,493	0	0	0	0	0	
  25/04/17	24/04/17	+307,634	0	3,616,127	3,616,127	0	0	0	0	0	
  26/04/17	25/04/17	+514,016	0	4,130,143	4,130,143	0	0	0	0	0	
  27/04/17	26/04/17	+326,361	0	4,456,504	4,456,504	0	0	0	0	0	
  27/04/17	27/04/17	+347,843	0	4,804,347	4,804,347	0	0	0	0	0	
  02/05/17	28/04/17	+2,268	0	4,806,615	4,806,615	0	0	0	0	0	
  05/05/17	04/05/17	+9,173	0	4,815,788	4,815,788	0	0	0	0	0	
  09/05/17	05/05/17	+189	0	4,815,977	4,815,977	0	0	0	0	0	
  11/05/17	10/05/17	+25	0	4,816,002	4,816,002	0	0	0	0	0	
  17/05/17	15/05/17	+20,136	0	4,836,138	4,836,138	0	0	0	0	0	
  17/05/17	16/05/17	+21,221	0	4,857,359	4,857,359	0	0	0	0	0	
  18/05/17	18/05/17	+30,376	0	4,887,735	4,887,735	0	0	0	0	0	
  22/05/17	19/05/17	+482	0	4,888,217	4,888,217	0	0	0	0	0	
  24/05/17	23/05/17	+14,111	0	4,902,328	4,902,328	0	0	0	0	0	
  29/05/17	25/05/17	-447	0	4,901,881	4,901,881	0	0	0	0	0	
  05/06/17	01/06/17	+3,057	0	4,904,938	4,904,938	0	0	0	0	0	
  08/06/17	07/06/17	+6,053	0	4,910,991	4,910,991	0	0	0	0	0	
  09/06/17	08/06/17	+69	0	4,911,060	4,911,060	0	0	0	0	0	
  15/06/17	14/06/17	+2,016	0	4,913,076	4,913,076	0	0	0	0	0	
  16/06/17	15/06/17	+532	0	4,913,608	4,913,608	0	0	0	0	0	
  22/06/17	21/06/17	+4,065	0	4,917,673	4,917,673	0	0	0	0	0	
  23/06/17	22/06/17	+6,892	0	4,924,565	4,924,565	0	0	0	0	0	
  29/06/17	28/06/17	-8,799	0	4,915,766	4,915,766	0	0	0	0	0	
  04/07/17	03/07/17	+11,975	0	4,927,741	4,927,741	0	0	0	0	0	
  07/07/17	05/07/17	-198	0	4,927,543	4,927,543	0	0	0	0	0	
  10/07/17	07/07/17	+3,673	0	4,931,216	4,931,216	0	0	0	0	0	
  24/07/17	21/07/17	-10	0	4,931,206	4,931,206	0	0	0	0	0	
  26/07/17	25/07/17	+518	0	4,931,724	4,931,724	0	0	0	0	0	
  02/08/17	01/08/17	+141	0	4,931,865	4,931,865	0	0	0	0	0	
  04/08/17	03/08/17	+3,619	0	4,935,484	4,935,484	0	0	0	0	0	
  17/08/17	16/08/17	+582	0	4,936,066	4,936,066	0	0	0	0	0	
  18/08/17	17/08/17	+101	0	4,936,167	4,936,167	0	0	0	0	0	
  28/08/17	25/08/17	+76	0	4,936,243	4,936,243	0	0	0	0	0	
  31/08/17	30/08/17	+112	0	4,936,355	4,936,355	0	0	0	0	0	
  21/09/17	20/09/17	+147	0	4,936,502	4,936,502	0	0	0	0	0	
  28/09/17	27/09/17	+1,167	0	4,937,669	4,937,669	0	0	0	0	0	
  28/09/17	11/10/17	+695	0	4,938,364	4,938,364	0	0	0	0	0	
  28/09/17	12/10/17	+3,523	0	4,941,887	4,941,887	0	0	0	0	0	
  20/10/17	19/10/17	+13,293	0	4,955,180	4,955,180	0	0	0	0	0	
  27/10/17	26/10/17	+957	0	4,956,304	4,956,137	167*	0	0	0	167*	Correct
  08/11/17	07/11/17	+66	0	4,956,430	4,956,370	60*	0	0	0	60*	Correct
  16/11/17	16/11/17	+1,203	0	4,957,633	4,957,633	0	0	0	0	0	
  30/11/17	29/11/17	+89	0	4,957,722	4,957,722	0	0	0	0	0	
  07/12/17	06/12/17	+569	0	4,958,291	4,958,291	0	0	0	0	0	
  13/12/17	12/12/17	+11,056	0	4,969,347	4,969,347	0	0	0	0	0	
  19/12/17	18/12/17	+160	0	4,969,507	4,969,507	0	0	0	0	0	
  20/12/17	19/12/17	+16,032	0	4,985,539	4,985,539	0	0	0	0	0	
  29/12/17	28/12/17	+363	0	4,985,902	4,985,902	0	0	0	0	0	
  05/01/18	04/01/18	+14,606	0	5,000,508	5,000,508	0	0	0	0	0	
  09/01/18	08/01/18	+31,353	0	5,031,861	5,031,861	0	0	0	0	0	
  10/01/18	09/01/18	+11,704	0	5,043,565	5,043,565	0	0	0	0	0	
  12/01/18	11/01/18	+22,242	0	5,065,807	5,065,807	0	0	0	0	0	
  23/01/18	22/01/18	-315,912	0	4,749,895	4,749,895	0	0	0	0	0	
  25/01/18	24/01/18	-4,741,096	0	8,799	8,799	0	0	0	0	0	
Total :	-2,845,721	0			227*			0	227*	
* - total shares may have been affected by shares received (delivered).
EXPORTformat XLS CSV        fields 
Please Select ...
 



ZODIAC AEROSPACE SA - UBS INVESTMENT BANK [ORD]
Reported	Dealing date	Purchases and Sales +/-	Derivatives and Options +/-	Long	Calc. Long	Difference	Short	Calc. Short	Difference	NET	
  22/01/18	17/01/18	+3,096,915	-2,807,498	15,064,398	15,064,398	0	16,667,647	16,667,647	0	0	
  26/01/18	18/01/18	+2,342,542	-584	17,406,940	17,406,940	0	16,668,231	16,668,231	0	0	
  26/01/18	19/01/18	-564,909	+42,660	16,842,031	16,885,173	-43,142	16,625,571	16,668,713	-43,142	0	
  26/01/18	20/01/18	+10,456	+14,093	16,852,487	16,867,197	-14,710	16,611,478	16,626,188	-14,710	0	
  26/01/18	23/01/18	+752,790	-102,294	17,605,277	17,605,387	-110	16,713,772	16,713,882	-110	0	
  31/01/18	24/01/18	0	0	820,960	17,605,277	-16,784,317*	0	16,713,772	-16,713,772*	-70,545*	Correct
Total :	+5,637,794	-2,853,623			-16,842,279			-16,771,734	-70,545	
* - total shares may have been affected by shares received (delivered).